500
20
14785
28196
1770
8883
13117
19971
19507
28656
29401
11020
10188
2066
12391
12264
24613
421
6635
28988
15799
27731
9791
24359
2018
9127
15106
3931
19256
4116
24362
11763
390
26426
2644
10797
13997
27530
13356
26446
10192
19134
15331
13457
27953
7116
855
6377
26850
16726
2181
19057
25929
29973
9404
12017
28648
16973
25034
11430
29291
21621
8294
11663
17173
16568
16134
20406
21526
16388
21986
838
7609
24411
24656
17027
15749
14891
18287
8210
6108
2636
12696
10108
4680
2395
12191
14289
17008
15050
22716
20852
10806
1732
13107
7963
10099
28415
6359
4378
656
5514
965
5362
10493
28401
17856
24213
23893
3691
12627
5669
14571
22943
22482
4633
14962
28407
25448
27614
3701
7371
28326
436
9504
17897
25588
14811
14727
15289
12082
19253
465
7095
10273
507
2640
6732
12937
8444
26754
9094
19490
3885
514
8147
27019
14044
29513
11376
21327
4618
3334
20578
10164
16335
20512
21920
20963
7664
2042
27370
27123
22008
17997
14100
17689
11691
7793
2921
11566
13057
29463
27670
3374
28371
18326
28486
23474
11308
9534
28885
3338
21224
7533
16934
15668
8928
25076
17965
2246
24335
9550
21386
24171
1904
10775
19641
705
3814
21404
6369
21345
27826
11483
27917
21511
12830
22333
7126
14536
1303
26564
2563
19426
27055
2045
12448
23870
29529
3606
6053
4787
15070
24894
8978
17992
14113
25246
28054
14917
2621
15734
19966
9147
10262
6551
17899
24285
7054
20128
2369
17620
29968
25746
23004
11709
2154
11514
19702
16763
27819
19358
16218
7608
16021
18946
8788
23152
7550
3750
2663
1031
3132
26387
20024
1113
14227
23029
26024
21561
20630
1387
12134
27434
4088
3541
16917
10733
15212
24851
3388
2172
6819
21084
24974
20576
1631
21219
22462
3727
22474
3747
5358
11207
9400
17935
13906
23900
23574
2651
23228
11516
21734
23150
20893
22897
17029
27287
3939
11277
11259
12817
24420
22025
3062
24906
29194
27403
19134
3647
4175
7141
5960
28957
25308
28478
14658
3178
5771
1426
6582
13717
5725
14166
4021
10933
16144
13180
14988
27095
13482
5879
20129
8818
17603
15824
2658
20609
26286
15789
27286
2427
21520
8167
29876
4426
23420
4944
5868
17680
11142
27281
10415
27153
16755
16668
19867
28892
3197
27733
2186
25207
11918
9500
13858
25434
28967
20867
5103
28050
5442
21953
8353
14241
27723
13438
25048
27999
4288
10935
25220
25269
18265
26951
5855
1270
6851
4011
13780
8585
26589
25450
10723
6525
12224
1810
1026
22176
455
25063
22819
27611
7137
3739
17170
7564
16631
25162
16677
29068
24714
338
1528
12684
29427
4977
25463
19099
9695
10800
3758
8544
29290
16402
13178
10467
8950
3437
13856
1913
12229
25959
20455
116
12928
4681
20753
17882
20630
9765
25497
20398
23919
13160
9453
27025
6989
16038
3392
15906
1519
11280
1967
28550
7619
581
29902
5378
4815
15492
2536
27227
13007
28756
29269
6178
13300
7030
8898
5264
10286
735
24850
21392
27806
6197
16988
28107
3204
12579
29950
21510
7502
25183
24230
8644
14911
14575
14937
26941
2135
