500
6
199
193
75
42
257
131
192
92
10
321
153
15
289
95
279
106
114
61
144
304
357
287
106
186
374
250
110
256
281
167
85
130
280
256
107
26
217
78
214
350
249
116
344
71
111
272
98
332
136
200
308
298
258
107
297
142
128
59
13
371
365
159
284
272
59
88
363
358
157
107
245
254
17
330
212
365
56
379
372
47
172
136
340
380
295
277
260
133
296
71
307
45
388
248
359
85
396
104
97
167
315
338
170
167
311
107
348
276
392
82
94
132
304
153
246
159
225
160
270
15
327
146
289
384
208
270
177
342
265
207
154
277
48
28
349
264
248
174
206
74
46
277
65
216
11
176
97
268
206
244
88
63
19
377
281
226
125
26
343
243
17
374
13
260
318
215
123
255
176
223
84
301
93
49
360
331
355
44
283
76
335
294
313
308
32
248
361
211
207
109
389
237
388
26
83
213
260
143
263
148
342
222
273
110
57
25
357
304
323
182
39
70
106
40
343
71
251
216
84
307
250
69
187
276
119
254
378
231
281
392
361
263
394
74
209
255
322
173
31
212
62
153
282
60
317
29
328
348
86
247
399
26
64
97
237
272
292
207
262
24
85
303
130
302
343
48
243
291
232
101
366
381
211
286
322
88
51
251
18
24
55
330
157
99
153
78
312
139
133
293
238
314
150
82
234
198
174
134
390
110
231
147
132
13
271
356
174
345
380
157
89
80
129
342
215
333
51
251
231
112
10
122
331
359
399
13
296
43
257
324
334
231
111
316
76
117
11
165
20
344
90
346
31
97
27
303
282
369
365
324
400
323
136
19
296
194
163
346
32
160
65
27
282
367
159
105
364
284
360
380
376
399
165
268
331
253
283
201
208
314
25
362
296
250
305
121
90
265
372
324
147
115
301
292
344
369
115
279
251
37
83
141
131
174
44
228
271
55
133
393
356
18
347
105
179
62
94
312
44
166
240
86
282
241
191
104
171
311
23
247
41
172
395
339
30
294
54
199
349
16
330
316
85
366
277
357
288
199
335
45
19
141
200
98
226
276
336
360
181
166
182
131
184
387
190
203
18
85
361
162
49
146
79
107
260
391
369
31
363
84
398
137
98
378
327
371
290
353
348
149
63
325
276
178
380
381
22
117
36
333
